input:  (1, 0)(1, 0)(1, 0)(1, 0)(1, 0)(1, 0)(1, 0)

output: (7, 0)(0.000845903, -0.000407002)(0.000650204, -0.000814163)(0.000280191, -0.0012217)(-0.00036964, -0.00162999)(-0.00162106, -0.00204004)(-0.00507372, -0.00245648)

antitf: (1, 0)(0.000120843, 5.81431e-05)(9.28863e-05, 0.000116309)(4.00273e-05, 0.000174528)(-5.28057e-05, 0.000232856)(-0.00023158, 0.000291434)(-0.000724818, 0.000350926)

